8840
27281
20581
33581
302
64240
14742
36978
29213
46553
45842
37753
5790
15653
34602
25976
39858
16890
67890
29658
2678
18493
35394
60890
44451
50378
3653
11082
39481
21762
56790
43182
22636
32162
31733
13481
25122
47581
66618
47390
58478
41729
7515
52290
19698
43375
61662
11275
27738
40613
7324
41540
24649
2081
48593
51342
36583
23790
55038
45512
35798
17083
63158
5209
30918
44790
13290
9781
53222
59702
27929
64938
38912
49398
26438
19194
4242
18302
34189
56358
67262
42831
14209
33392
9590
9029
54139
28382
21269
493
43916
23118
30481
48402
46033
42283
12013
16178
6749
41173
46878
25783
37171
1890
65958
20390
55044
32353
62418
31542
44983
51818
10530
38335
29022
16369
58896
42638
40049
27090
8273
55922
49094
12749
24458
53683
14933
38719
47069
23309
2869
30290
50862
35989
11822
54591
19889
60104
8084
4433
36390
34795
22443
48092
52758
5981
49890
32779
21078
17792
32972
40422
63522
1098
57218
26629
14018
35203
21953
44258
3462
58062
65284
29851
53686
17599
37562
68197
55487
33998
