23494
23906
23493
23497
23905
23902
21418
23498
20983
23901
23081
21417
23909
21423
23490
20988
23080
24310
21426
21416
23910
23082
38457
21852
38229
20545
21863
20978
23489
21858
38683
15533
16970
21865
22662
23075
38454
21853
14061
23913
16494
12593
38226
18370
24750
15046
13602
21429
11049
24309
24348
15574
37997
18829
39379
14104
38678
14560
22697
23202
12082
21872
17441
13061
39586
10003
2000
37994
25542
24030
22665
4313
38464
39796
16020
23941
11530
24713
23618
26837
17484
20104
24318
8937
24881
12554
21422
4883
27179
18289
13104
22300
1409
16057
24437
39589
23071
17906
23117
16887
19287
15087
24710
21846
10489
38686
23208
24478
7310
27553
39376
26318
37281
6565
18752
11571
26455
22273
6206
22296
14597
20626
3741
13563
19654
17949
8398
22243
22660
23487
26798
12045
22302
220
39167
27925
23077
8898
27080
38235
5447
20543
24070
15050
38691
39994
7666
2582
24351
21501
24841
5086
16409
25146
36529
39790
26414
13565
9470
20985
20982
41059
19779
27822
7819
21425
17010
37525
25281
40327
25637
817
17910
2213
22289
23066
22305
25110
6007
9435
21065
39584
28293
35512
23624
38222
17358
10532
41402
15932
22783
18413
28549
38230
16500
19208
3952
20974
25241
16537
3162
19739
36009
7117
37077
40882
14469
39381
816
5045
20227
39938
7160
7860
22278
20522
24720
33804
26066
30069
36785
1037
22310
6166
23917
12971
17827
37763
24076
2043
41730
9962
21817
20182
34676
26029
38694
22788
36572
3165
3374
23531
32272
8211
10528
16013
21873
29262
6722
19326
38451
38458
25677
14961
24036
28657
35475
40134
20981
39799
6009
8252
25930
11016
13474
6761
40701
39161
25151
26025
31631
12461
38901
20671
21936
3333
24322
3783
41566
37034
20107
26417
35783
24483
25502
8752
29958
2799
13974
16413
23658
8363
38729
9326
41235
23074
33201
29721
37760
12086
15449
40514
1588
24441
26700
6608
441
23663
11949
23197
23078
22661
37572
39738
18873
26801
30976
35744
9475
22315
21976
35233
10349
29020
20188
23495
15089
32896
10388
4518
5612
15935
23907
23916
41571
7705
399
1406
19660
41231
34921
26069
2174
11433
22726
22654
41888
20081
12560
5649
30303
22402
36272
30413
23616
25936
25636
10779
38277
6051
9286
3910
23061
40699
6564
28909
11010
20518
20547
3738
39534
38915
14468
21109
13326
31304
8789
24434
24313
22317
13098
35197
1629
24746
4477
34387
27183
17015
38465
10910
7271
33769
3205
18374
39594
11809
27450
25238
13469
38273
23496
24027
9858
10873
24887
30638
9967
41398
23908
23499
15446
38682
24015
28189
2757
4524
11946
22825
36825
9730
29369
36782
33502
39788
23486
5646
30753
5449
12822
34637
41728
23903
21859
21862
22237
4924
23070
33170
13605
40519
394
12967
9821
4484
21414
21542
29614
14594
15540
37328
37765
224
8404
14317
37990
23195
24712
34957
18872
22364
31951
25675
10913
23904
19201
7273
7114
39372
12318
28186
27557
41054
23593
13969
34355
23500
23188
11396
2754
23912
19330
32556
24314
445
21421
21420
20986
20979
24473
36046
5492
36273
26796
1627
27453
14960
23083
21545
39325
25247
22667
11430
404
2626
9201
1456
988
40878
17439
32582
4311
39989
23491
12459
14809
25216
33469
29610
27550
26459
38951
9819
3380
25106
19733
12595
23246
25235
37524
34099
24715
24847
