26005
25346
26658
24685
24679
66891
24017
8150
24016
66565
26661
7390
26006
66238
6629
27311
66572
8906
3581
6628
26657
29044
2010
31078
66886
27306
5860
3578
23343
25349
5863
4361
30306
66241
29814
1218
67206
28403
60101
2797
7393
27956
41518
31701
29179
13238
67210
9658
5086
421
65909
29677
60888
26654
5137
29674
14690
24686
68757
42072
2796
40963
67842
30451
60499
16126
24009
23348
33544
30933
67521
4358
12508
6622
28540
60494
8153
2005
27757
32318
66562
5092
10284
38758
40405
38182
30447
9595
59704
17546
68457
35974
420
29039
13967
24678
29184
67213
7328
69346
40968
15410
11146
28594
65962
37603
4311
61272
11825
32932
1213
11770
27316
69053
39278
16838
8841
68151
46384
30456
8911
65287
62114
27761
27898
37608
26009
18250
5909
65914
9533
1156
66623
66893
53328
13293
28399
5796
5854
26662
34146
11025
67530
30309
31700
10343
37018
40404
19646
486
5135
64240
61737
7387
22666
8085
69633
44814
55616
27895
39331
68454
11885
25998
24681
42618
35348
53792
36973
59302
13235
31076
7263
66294
5020
61273
61354
46897
70201
67269
36568
67202
363
14022
13350
8784
45862
30937
21026
60098
39845
11088
65628
11768
27113
2074
35381
4316
65577
6561
23956
18950
43209
62041
65907
10404
5907
64943
9662
68153
17605
37024
29821
38133
23337
66946
37115
53787
17061
63822
22669
27109
16986
3464
49955
6499
59708
56054
27950
17549
3645
69921
16943
23066
32833
64901
29817
14747
43751
69051
15563
31561
55163
63521
12501
6676
12564
45929
27162
20558
52864
70480
61734
1889
35799
29868
7504
19649
26001
41523
64881
8146
62791
39414
60966
11031
60883
3531
49467
65582
16349
8021
50437
61600
1946
64595
25342
29681
27249
33957
24018
25199
14695
52853
59298
19011
70750
1283
24408
15518
15407
68753
359
39842
12735
16276
29042
30356
63464
302
9654
28544
9589
43822
26002
67588
21710
69920
2801
5732
47915
32119
21803
2864
17694
37696
43158
60433
9772
27044
19049
27959
38185
48475
16899
60891
20337
20478
17769
26463
6738
35379
62356
32181
41652
34001
27309
53626
4241
55166
64178
4180
10407
28973
66949
67838
46895
8778
50947
13466
58900
15466
25341
53321
16131
55863
7321
28405
69631
14842
22390
47973
23284
59639
31500
11998
30302
19094
29185
35761
26665
65243
66237
20399
25733
2614
43853
42666
23869
24489
62420
66890
4425
14798
58413
69637
5913
49354
48092
19172
35250
20435
25072
44881
1328
30313
33349
9019
24674
61215
5083
28336
2677
28451
32785
71019
8028
50919
52240
52391
15557
28530
63100
29230
34751
46445
56300
27968
15413
63883
27754
50444
42279
14917
5972
23740
23155
239
57579
30870
67527
61663
18393
4954
35940
42065
11257
18309
60961
30943
65228
49093
48974
54533
51421
13961
32734
26466
70200
18352
42773
7440
61978
29610
45341
18953
8263
2906
12617
3398
47070
19708
27689
27954
16278
60826
69343
56052
21848
10518
58826
34562
31555
53329
43286
25345
43371
47406
1825
26389
63157
2117
37233
15634
53687
29233
3585
60039
49461
44386
59697
5021
10277
25810
5201
62726
26660
41727
30876
23803
24014
56732
52384
66566
24687
24682
45405
40116
50816
64590
16842
16185
8902
3692
29722
34855
54082
50922
47499
21031
64533
42828
58492
32186
27320
54253
55611
32315
54252
66627
28401
67582
