4294
62094
2790
416
60950
5081
60961
2747
3513
61717
57337
61354
62099
2750
59770
5122
419
4297
3576
1952
60561
5116
56475
4350
61345
3511
62102
7409
58568
61334
382
61359
3548
23285
1189
5127
38834
61352
55616
5087
59793
61713
55149
57758
59784
5080
60179
3541
59395
385
422
1156
39406
5896
53346
24608
22609
1993
45761
62479
5861
4339
23958
56027
38258
44198
2006
2755
52881
2784
1226
60165
45237
56910
50978
58167
7444
53327
8179
25270
45258
56890
54267
37697
4291
39976
60957
6678
46281
1955
58156
5859
43662
58556
44710
60152
23937
54248
10456
37678
51938
5910
5884
55172
58975
4308
56913
37115
6635
1207
8941
44731
26644
46800
45946
11197
38277
56904
49509
54702
59748
49490
58961
43122
1989
57316
9706
24627
9645
44177
36525
62105
24019
25814
15572
25987
4301
35801
21929
3550
51458
58930
3587
27294
6618
28411
23204
56014
45421
26589
24685
53785
25155
11985
45782
49013
60585
26470
47306
16286
46466
26044
22478
49982
13388
52305
27752
53806
22528
11248
40537
