2738
62817
3521
62479
1225
58165
60964
54703
60574
62107
47797
45774
1950
45777
58977
48301
61732
56914
54243
46294
63188
57316
4357
3526
59383
3583
59396
62846
1180
60181
55149
56446
4314
1222
62823
47289
55124
56043
62098
59794
1181
45253
4317
63204
55562
46297
60585
48298
58580
60933
62470
61347
45252
56473
62451
6663
56887
60974
62850
48804
63191
56485
57738
61715
1186
418
54700
2741
63197
21927
8963
61340
64636
2015
41073
381
63576
47794
372
58989
61359
46810
5884
22605
53773
60175
1163
58964
55146
63920
5092
2817
56016
56038
40513
2734
52854
7430
48799
5923
56436
1982
62094
62091
5101
62818
41629
54717
59782
58585
1953
44727
53788
23281
57723
57312
55591
58127
4362
46779
365
423
25921
38259
2784
46816
63214
64284
54692
54705
5105
60568
1977
47798
21241
3522
58572
61318
60557
44722
7425
58583
5152
42178
60191
55566
414
37679
2755
63559
55597
61720
39950
39406
48304
54226
54245
7435
59354
25263
9714
55171
56877
55601
21922
56864
5098
60955
41626
2801
3570
49298
4306
38834
62077
24594
64275
1990
61336
5861
48861
47322
39975
56484
57319
23953
47288
45773
26579
63551
52389
3537
56901
51778
61323
60168
55168
57302
60139
44193
55173
6660
9651
22602
42181
23926
60946
58972
3531
63923
49849
60195
56003
385
21238
48858
3576
15630
56026
42726
46293
40540
37095
8958
32959
60534
57752
35178
65307
50853
53186
45778
48021
8965
48297
24597
54240
59753
34777
4379
36362
6654
46530
14129
53285
29733
23254
59375
57743
58156
3518
46267
14909
41100
51304
31726
9681
396
48805
27818
33631
47007
20550
49295
47973
31525
9764
15044
15571
51809
12709
55997
45491
49357
27231
47465
3577
39469
25802
53645
64630
52755
28376
22057
8190
48359
48522
52722
33372
25865
54696
20655
25258
46776
55896
16480
14184
41530
57712
56479
52823
32407
47326
49514
51333
2018
23878
18601
41072
31103
3534
13447
34580
12860
23280
55006
48480
2029
47555
29646
24483
40599
34838
24051
17901
43272
