63181
5821
6586
63178
47797
60580
60187
55612
5818
48301
61353
53345
63542
56026
61734
47289
56909
63547
5050
1937
45262
62813
33509
48298
55165
58982
6589
55589
3518
439
392
35881
45785
32899
41540
52883
54214
48801
44205
3521
37601
55130
4278
62854
1195
63561
53804
58173
42634
34117
35286
43670
52878
48798
59791
32284
55152
62486
39328
2737
63550
44737
6595
36473
40984
63567
1142
396
47794
38753
57334
2724
60969
8135
51926
46306
53761
54685
37019
63936
58586
44734
42089
53344
63177
1992
62110
34686
63558
51929
8892
3501
59385
46778
43180
1951
38183
1192
64626
7366
61313
65648
54217
47798
40553
63220
5055
1994
2736
12642
50473
39893
37064
61342
58573
63182
51453
59345
42086
1936
387
34721
49053
8186
53758
43131
64275
40422
62836
53815
14042
57280
4361
8893
55613
31662
36430
49546
49297
56480
62445
60966
49987
52405
42591
62089
1163
23259
62098
8107
48304
5870
54682
60960
41113
337
64271
55111
63926
4308
62113
1199
39990
45267
23930
49050
452
12585
54703
42637
11157
10457
45458
6588
61693
31160
47288
4273
1955
15566
59780
58530
37646
31665
51014
43133
8942
52410
40460
434
57299
43719
25406
49294
2791
33016
47497
5823
21898
46265
56460
12645
5095
44930
35840
2783
54222
52398
9649
49549
58549
48297
37644
23406
42042
7417
31781
13314
63917
38178
54267
14842
35321
46823
30530
19825
28019
56421
48555
51933
34082
1146
23363
17886
32285
1230
16286
50530
60539
22005
27928
46781
34835
65983
10406
48508
27279
41535
63906
4304
45792
22581
42588
16467
31690
41668
8248
56009
15487
61724
29934
14163
4455
5819
48003
19125
8181
47290
39858
38225
21324
25972
55608
33628
63553
14893
15032
33480
58159
38758
46774
15569
7552
28627
26067
54668
44933
50472
7349
6012
43722
11154
4510
34262
63544
54274
63208
34718
49301
18590
37058
40933
22686
7488
49786
28572
35242
31043
44404
14114
23160
2938
37815
15620
5236
14765
52331
20633
58120
8316
21211
11205
45982
36025
50953
31190
17177
26628
47293
62442
57314
46311
30439
6784
39293
