42082
42079
42628
42081
41529
42629
42622
38189
37615
41526
37610
38194
42621
41530
42630
43170
41535
42076
42077
37609
41525
42625
42088
38199
38190
40975
38768
43167
37606
42633
40978
38201
41522
38193
68390
38769
68691
38780
43169
68085
38781
29194
43706
37025
27265
38775
43174
42626
68387
31086
24026
68985
38788
25961
20633
43219
23975
68082
32329
22002
35853
68688
40969
29830
26014
40417
27916
42637
19251
39340
41694
70194
31710
67777
28611
37613
25303
39359
43755
34765
26671
41533
41518
70473
17141
22632
38206
22683
8081
40468
67776
42248
28554
28560
39364
44289
15720
4240
68984
68394
1090
70748
41138
19198
34658
42085
24693
40977
42078
18552
11085
42796
70470
34164
37618
29249
43710
24644
44468
29719
44238
21269
45347
5786
68694
31765
41521
37023
14278
39367
30463
43338
21322
47029
38185
70191
26618
47084
39902
50038
68078
43929
43178
41142
12086
38762
1882
17800
7321
35368
39859
42073
11825
68683
23359
39371
46387
32947
17851
71015
39356
26614
48049
68089
34822
20584
36447
43391
43165
9592
10608
45995
27324
43214
70197
30350
15667
37724
32386
38789
65855
3457
30458
40421
13295
7600
68989
33446
41700
48417
69914
46566
49050
29885
72712
19942
42636
21949
28441
71020
43880
41577
43393
68701
73412
33553
40968
293
50386
12822
50527
40414
39351
71976
3746
67153
25354
63839
45470
14227
10341
47410
39374
23308
70186
5016
43703
34055
9110
29200
47541
67461
42849
26499
46515
10553
41516
35259
27967
36556
65181
5299
35421
49412
40579
44820
44999
74074
71465
49053
70465
29081
42848
31141
19895
13552
42072
12561
32221
51345
47595
65576
16381
24518
64144
70742
73180
6557
59269
34218
37601
37614
44942
12034
3515
66510
27799
16436
51489
62751
1387
39932
534
40973
41027
22505
37777
37138
44945
70941
14080
73634
42303
23301
42250
42675
8302
37605
6069
44766
25844
53825
57199
19948
2670
67771
35964
74498
33002
60467
46048
66893
16952
36442
43708
12769
8839
72466
63429
8896
11350
17090
39295
36019
52290
38878
23853
70479
48555
31604
55470
25360
43759
31089
68999
44413
43935
44244
2177
21141
14746
6013
68381
73857
64839
40582
12614
38358
39334
39377
64195
6834
43182
58456
42083
72947
16899
67470
41751
54129
23354
33557
71721
19064
49546
25305
63477
48100
43173
30517
66188
10338
3692
51011
68986
69049
42797
32839
13498
20453
56343
27150
74292
45868
61959
38186
9057
15524
42792
40962
23181
61628
38303
5792
6784
53677
38933
9863
14951
40411
72471
2963
2674
50869
22316
74286
45474
25184
68699
33614
63067
27319
41531
14997
10395
54584
14023
73405
21825
43876
9807
42084
27272
39933
46897
36609
66243
67467
19763
71206
46518
58864
42299
42080
42623
59629
4527
4470
17607
1941
20270
67458
45527
41692
41519
73854
38198
18501
18363
55025
42632
30978
22008
64493
36550
13349
18192
71278
42129
72224
48550
49901
1086
61579
16430
40974
593
42627
6555
28613
39452
61244
5246
42640
52757
24987
14750
43342
68400
39505
53365
38784
67840
70674
20449
41532
11297
57622
8358
41527
43333
14804
73183
17660
33611
39938
42643
70751
9596
20950
19712
65179
5842
49552
59676
21955
60424
53220
44471
44412
66835
21824
73637
36411
43714
5301
37195
47914
69280
23850
62332
1331
24321
19759
18556
32942
37032
30514
16237
58822
39955
51821
37612
45999
42624
42631
2967
43172
16185
65236
41193
40972
56773
42778
15003
38765
42855
22503
69908
69632
51965
12620
74493
63786
27596
7544
26501
41528
42074
9812
38191
18311
38766
69002
11082
43881
3454
68149
